[location]
latitude = 45.5231871493864 
longitude = -122.66765356063843
